250.543587973789 1300
254.019673264894 1210
257.494314316713 1254
260.967511129244 1189
264.43926370249 1154
267.909572036449 1141
271.378436131121 1123
274.845855986507 1122
278.311831602607 1126
281.77636297942 1102
285.239450116946 1119
288.701093015186 1063
292.16129167414 1104
295.620046093807 1099
299.077356274187 1100
302.533222215281 1088
305.987643917089 1154
309.44062137961 1189
312.892154602844 1231
316.342243586792 1312
319.790888331454 1456
323.238088836829 1670
326.683845102918 1873
330.12815712972 1945
333.571024917235 1976
337.012448465464 1853
340.452427774407 1643
343.890962844063 1444
347.328053674433 1302
350.763700265516 1184
354.197902617313 1111
357.630660729823 1056
361.061974603047 1025
364.491844236984 1063
367.920269631634 1097
371.347250786999 1108
374.772787703076 1159
378.196880379867 1286
381.619528817372 1588
385.04073301559 1869
388.460492974522 2123
391.878808694167 2261
395.295680174526 2104
398.711107415598 1892
402.125090417384 1608
405.537629179884 1384
408.948723703096 1274
412.358373987023 1174
415.766580031662 1136
419.173341837016 1106
422.578659403083 1006
425.982532729863 1044
429.384961817357 975
432.785946665564 983
436.185487274485 998
439.583583644119 1010
442.980235774467 1062
446.375443665529 1083
449.769207317303 1138
453.161526729792 1256
456.552401902994 1327
459.941832836909 1465
463.329819531538 1527
466.71636198688 1456
470.101460202936 1373
473.485114179706 1271
476.867323917189 1142
480.248089415385 1047
483.627410674295 1054
487.005287693919 1058
490.381720474256 1093
493.756709015306 1155
497.13025331707 1275
500.502353379548 1356
503.873009202739 1363
507.242220786643 1285
510.609988131261 1150
513.976311236593 1119
517.341190102638 1036
520.704624729397 981
524.066615116869 975
527.427161265054 972
530.786263173953 947
534.143920843566 951
537.500134273892 963
540.854903464932 954
544.208228416685 971
547.560109129151 947
550.910545602332 974
554.259537836225 974
557.607085830832 979
560.953189586153 969
564.297849102187 987
567.641064378935 994
570.982835416396 958
574.323162214571 970
577.662044773459 1018
580.999483093061 985
584.335477173376 1039
587.670027014405 1057
591.003132616147 1111
594.334793978603 1162
597.665011101772 1234
600.993783985655 1284
604.321112630251 1237
607.646997035561 1229
610.971437201584 1239
614.294433128321 1274
617.615984815771 1374
620.936092263935 1427
624.254755472812 1472
627.571974442403 1466
630.887749172707 1412
634.202079663725 1465
637.514965915457 1664
640.826407927902 1941
644.13640570106 2214
647.444959234932 2286
650.752068529517 2228
654.057733584816 1939
657.361954400828 1646
660.664730977554 1350
663.966063314994 1261
667.265951413147 1211
670.564395272013 1204
673.861394891593 1221
677.156950271887 1265
680.451061412894 1246
683.743728314614 1278
687.034950977048 1259
690.324729400196 1284
693.613063584057 1332
696.899953528631 1390
700.185399233919 1470
703.469400699921 1547
706.751957926636 1556
710.033070914064 1493
713.312739662206 1383
716.590964171062 1331
719.867744440631 1300
723.143080470914 1252
726.41697226191 1231
729.689419813619 1204
732.960423126042 1145
736.229982199179 1145
739.498097033029 1139
742.764767627593 1079
746.02999398287 1089
749.29377609886 1083
752.556113975565 1063
755.817007612982 1058
759.076457011113 1037
762.334462169958 1015
765.591023089516 1042
768.846139769788 1066
772.099812210773 1093
775.352040412472 1196
778.602824374884 1395
781.85216409801 1650
785.100059581849 2072
788.346510826402 2466
791.591517831668 2653
794.835080597648 2604
798.077199124341 2308
801.317873411748 1949
804.557103459868 1614
807.794889268702 1459
811.031230838249 1418
814.26612816851 1377
817.499581259484 1458
820.731590111172 1535
823.962154723574 1605
827.191275096689 1609
830.418951230517 1607
833.645183125059 1622
836.869970780314 1733
840.093314196283 1936
843.315213372965 2436
846.535668310361 3096
849.754679008471 3613
852.972245467294 3706
856.18836768683 3412
859.40304566708 2753
862.616279408043 2098
865.82806890972 1628
869.038414172111 1268
872.247315195215 1149
875.454771979032 1050
878.660784523563 1027
881.865352828808 977
885.068476894766 1003
888.270156721437 968
891.470392308822 952
894.669183656921 974
897.866530765733 976
901.062433635258 970
904.256892265497 946
907.44990665645 954
910.641476808116 954
913.831602720496 938
917.020284393589 922
920.207521827395 961
923.393315021915 975
926.577663977149 961
929.760568693096 951
932.942029169757 971
936.122045407131 960
939.300617405219 974
942.47774516402 1012
945.653428683534 1015
948.827667963763 1029
952.000463004704 1075
955.171813806359 1207
958.341720368728 1350
961.51018269181 1370
964.677200775606 1413
967.842774620115 1332
971.006904225338 1240
974.169589591274 1112
977.330830717924 1025
980.490627605287 986
983.648980253364 981
986.805888662154 991
989.961352831658 1025
993.115372761875 1020
996.267948452806 1074
999.41907990445 1077
1002.56876711681 1136
1005.71701008988 1164
1008.86380882366 1188
1012.00916331816 1182
1015.15307357337 1172
1018.2955395893 1148
1021.43656136594 1091
1024.57613890329 1062
1027.71427220136 1055
1030.85096126014 1024
1033.98620607963 1025
1037.12000665984 1025
1040.25236300076 988
1043.38327510239 990
1046.51274296474 942
1049.6407665878 970
1052.76734597157 920
1055.89248111606 918
1059.01617202126 920
1062.13841868717 913
1065.2592211138 904
1068.37857930114 905
1071.4964932492 931
1074.61296295797 915
1077.72798842745 950
1080.84156965764 943
1083.95370664855 966
1087.06439940018 1015
1090.17364791251 1061
1093.28145218556 1144
1096.38781221932 1254
1099.4927280138 1244
1102.59619956899 1237
1105.69822688489 1179
1108.79880996151 1110
1111.89794879884 1077
1114.99564339689 1037
1118.09189375564 1007
1121.18669987511 1010
1124.2800617553 988
1127.3719793962 984
1130.46245279781 949
1133.55148196013 962
1136.63906688317 956
1139.72520756693 978
1142.80990401139 968
1145.89315621657 1010
1148.97496418246 1094
1152.05532790907 1301
1155.13424739639 1568
1158.21172264442 1982
1161.28775365317 2218
1164.36234042263 2272
1167.4354829528 2132
1170.50718124369 1796
1173.57743529529 1434
1176.64624510761 1238
1179.71361068063 1117
1182.77953201437 1070
1185.84400910883 1035
1188.907041964 1032
1191.96863057988 1046
1195.02877495647 1088
1198.08747509378 1138
1201.14473099181 1207
1204.20054265054 1301
1207.25491006999 1390
1210.30783325015 1499
1213.35931219103 1712
1216.40934689262 1872
1219.45793735492 2168
1222.50508357794 2510
1225.55078556167 3047
1228.59504330611 3446
1231.63785681127 3588
1234.67922607714 3557
1237.71915110373 3141
1240.75763189103 2683
1243.79466843904 2328
1246.83026074776 2129
1249.8644088172 2027
1252.89711264735 1904
1255.92837223822 1882
1258.9581875898 1812
1261.98655870209 1798
1265.0134855751 1917
1268.03896820882 2129
1271.06300660325 2260
1274.08560075839 2367
1277.10675067425 2242
1280.12645635083 2005
1283.14471778812 1736
1286.16153498612 1509
1289.17690794483 1395
1292.19083666426 1288
1295.2033211444 1321
1298.21436138525 1318
1301.22395738682 1434
1304.2321091491 1583
1307.2388166721 1970
1310.24407995581 2533
1313.24789900023 3143
1316.25027380536 3899
1319.25120437121 4241
1322.25069069778 4356
1325.24873278505 3963
1328.24533063304 3440
1331.24048424175 2723
1334.23419361116 2253
1337.22645874129 1901
1340.21727963214 1665
1343.20665628369 1559
1346.19458869596 1551
1349.18107686895 1523
1352.16612080265 1669
1355.14972049706 1809
1358.13187595218 2094
1361.11258716802 2361
1364.09185414457 2554
1367.06967688184 2691
1370.04605537982 2702
1373.02098963851 2506
1375.99447965792 2245
1378.96652543803 1941
1381.93712697887 1695
1384.90628428041 1526
1387.87399734267 1400
1390.84026616565 1289
1393.80509074933 1252
1396.76847109373 1193
1399.73040719885 1219
1402.69089906468 1166
1405.64994669122 1154
1408.60755007847 1178
1411.56370922644 1183
1414.51842413512 1159
1417.47169480452 1230
1420.42352123462 1230
1423.37390342545 1247
1426.32284137698 1268
1429.27033508923 1302
1432.21638456219 1309
1435.16098979587 1346
1438.10415079026 1398
1441.04586754536 1412
1443.98614006118 1366
1446.92496833771 1390
1449.86235237495 1318
1452.79829217291 1264
1455.73278773158 1210
1458.66583905096 1165
1461.59744613106 1129
1464.52760897187 1110
1467.4563275734 1099
1470.38360193563 1053
1473.30943205859 1019
1476.23381794225 1042
1479.15675958663 1032
1482.07825699172 1015
1484.99831015753 1055
1487.91691908405 1036
1490.83408377128 1032
1493.74980421923 1083
1496.66408042789 1144
1499.57691239726 1191
1502.48830012735 1239
1505.39824361815 1289
1508.30674286966 1340
1511.21379788189 1362
1514.11940865483 1335
1517.02357518848 1292
1519.92629748285 1200
1522.82757553793 1145
1525.72740935373 1133
1528.62579893023 1094
1531.52274426745 1115
1534.41824536539 1103
1537.31230222404 1161
1540.2049148434 1178
1543.09608322348 1290
1545.98580736427 1439
1548.87408726577 1689
1551.76092292799 1920
1554.64631435092 2198
1557.53026153456 2383
1560.41276447892 2518
1563.29382318399 2466
1566.17343764977 2320
1569.05160787627 2084
1571.92833386348 1903
1574.8036156114 1671
1577.67745312004 1532
1580.54984638939 1395
1583.42079541946 1407
1586.29030021024 1405
1589.15836076173 1459
1592.02497707393 1566
1594.89014914685 1803
1597.75387698048 2187
1600.61616057483 2692
1603.47699992989 3295
1606.33639504566 3925
1609.19434592215 4503
1612.05085255935 4690
1614.90591495726 4627
1617.75953311589 4336
1620.61170703523 3843
1623.46243671528 3414
1626.31172215605 2851
1629.15956335753 2438
1632.00596031973 2220
1634.85091304264 2305
1637.69442152626 2513
1640.53648577059 2920
1643.37710577564 3282
1646.2162815414 3616
1649.05401306788 3904
1651.89030035507 3778
1654.72514340297 3477
1657.55854221159 3002
1660.39049678092 2526
1663.22100711096 2169
1666.05007320172 1778
1668.87769505319 1492
1671.70387266537 1301
1674.52860603827 1228
1677.35189517188 1115
1680.1737400662 1044
1682.99414072124 1041
1685.81309713699 1012
1688.63060931346 983
1691.44667725063 953
1694.26130094853 954
1697.07448040713 954
1699.88621562645 939
1702.69650660648 927
1705.50535334723 937
1708.31275584869 934
1711.11871411086 923
1713.92322813375 930
1716.72629791735 904
1719.52792346166 928
1722.32810476669 903
1725.12684183243 917
1727.92413465888 895
1730.71998324605 896
1733.51438759393 910
1736.30734770252 885
1739.09886357183 903
1741.88893520185 898
1744.67756259259 888
1747.46474574404 890
1750.2504846562 892
1753.03477932907 888
1755.81762976266 881
1758.59903595697 903
1761.37899791198 887
1764.15751562771 894
1766.93458910415 873
1769.71021834131 919
1772.48440333918 889
1775.25714409776 888
1778.02844061706 894
1780.79829289707 893
1783.5667009378 862
1786.33366473923 884
1789.09918430138 857
1791.86325962425 858
1794.62589070783 860
1797.38707755212 866
1800.14682015712 852
1802.90511852284 866
1805.66197264927 852
1808.41738253642 861
1811.17134818428 859
1813.92386959285 846
1816.67494676214 841
1819.42457969214 830
1822.17276838285 844
1824.91951283428 844
1827.66481304642 843
1830.40866901927 839
1833.15108075284 858
1835.89204824712 853
1838.63157150211 862
1841.36965051782 845
1844.10628529424 853
1846.84147583138 842
1849.57522212922 835
1852.30752418779 867
1855.03838200706 871
1857.76779558705 873
1860.49576492775 841
1863.22229002917 868
1865.9473708913 858
1868.67100751414 837
1871.3931998977 833
1874.11394804197 849
1876.83325194695 837
1879.55111161265 863
1882.26752703906 852
1884.98249822618 837
1887.69602517402 858
1890.40810788257 848
1893.11874635183 826
1895.82794058181 850
1898.5356905725 845
1901.24199632391 847
1903.94685783603 852
1906.65027510886 861
1909.3522481424 843
1912.05277693666 859
1914.75186149163 854
1917.44950180732 838
1920.14569788372 833
1922.84044972083 820
1925.53375731866 832
1928.2256206772 812
1930.91603979645 827
1933.60501467642 797
1936.2925453171 816
1938.97863171849 828
1941.6632738806 810
1944.34647180342 831
1947.02822548696 831
1949.70853493121 810
1952.38740013617 827
1955.06482110184 817
1957.74079782823 836
1960.41533031533 808
1963.08841856315 832
1965.76006257168 805
1968.43026234092 803
1971.09901787088 802
1973.76632916155 811
1976.43219621293 816
1979.09661902503 828
1981.75959759784 829
1984.42113193136 816
1987.0812220256 809
1989.73986788055 831
1992.39706949621 812
1995.05282687259 791
1997.70714000968 811
2000.36000890748 812
2003.011433566 795
2005.66141398523 812
2008.30995016518 799
2010.95704210584 811
2013.60268980721 817
2016.2468932693 806
2018.8896524921 827
2021.53096747561 830
2024.17083821984 824
2026.80926472477 820
2029.44624699043 818
2032.0817850168 800
2034.71587880388 821
2037.34852835167 805
2039.97973366018 815
2042.6094947294 808
2045.23781155933 795
2047.86468414998 805
2050.49011250134 801
2053.11409661342 800
2055.7366364862 788
2058.35773211971 793
2060.97738351392 817
2063.59559066885 797
2066.21235358449 824
2068.82767226085 794
2071.44154669792 784
2074.0539768957 804
2076.6649628542 783
2079.27450457341 817
2081.88260205333 824
2084.48925529397 790
2087.09446429532 792
2089.69822905738 792
2092.30054958016 803
2094.90142586365 796
2097.50085790786 797
2100.09884571277 790
2102.6953892784 779
2105.29048860475 816
2107.88414369181 801
2110.47635453958 791
2113.06712114807 780
2115.65644351726 776
2118.24432164718 780
2120.8307555378 795
2123.41574518914 792
2125.9992906012 776
2128.58139177396 797
2131.16204870744 798
2133.74126140164 762
2136.31902985654 775
2138.89535407216 782
2141.4702340485 765
2144.04366978555 781
2146.61566128331 782
2149.18620854178 779
2151.75531156097 779
2154.32297034087 776
2156.88918488149 768
2159.45395518282 772
2162.01728124486 763
2164.57916306761 781
2167.13960065108 780
2169.69859399527 770
2172.25614310016 765
2174.81224796577 759
2177.3669085921 764
2179.92012497913 764
2182.47189712688 784
2185.02222503535 778
2187.57110870452 764
2190.11854813441 774
2192.66454332502 784
2195.20909427634 776
2197.75220098837 762
2200.29386346111 773
2202.83408169457 755
2205.37285568874 780
2207.91018544363 765
2210.44607095923 753
2212.98051223554 768
2215.51350927257 749
2218.04506207031 765
2220.57517062876 770
2223.10383494792 781
2225.6310550278 774
2228.1568308684 766
2230.6811624697 759
2233.20404983173 768
2235.72549295446 781
2238.24549183791 766
2240.76404648207 765
2243.28115688694 765
2245.79682305253 755
2248.31104497883 751
2250.82382266585 741
2253.33515611358 764
2255.84504532202 771
2258.35349029117 753
2260.86049102104 746
2263.36604751162 754
2265.87015976292 749
2268.37282777493 749
2270.87405154765 756
2273.37383108109 764
2275.87216637524 759
2278.3690574301 756
2280.86450424568 772
2283.35850682197 744
2285.85106515898 730
2288.34217925669 758
2290.83184911512 741
2293.32007473427 736
2295.80685611413 739
2298.2921932547 738
2300.77608615598 744
2303.25853481798 751
2305.7395392407 741
2308.21909942412 756
2310.69721536826 748
2313.17388707311 748
2315.64911453868 755
2318.12289776496 757
2320.59523675195 716
2323.06613149966 748
2325.53558200808 732
2328.00358827721 749
2330.47015030706 756
2332.93526809762 736
2335.39894164889 740
2337.86117096088 754
2340.32195603358 745
2342.781296867 741
2345.23919346113 753
2347.69564581597 746
2350.15065393152 747
2352.60421780779 756
2355.05633744478 728
2357.50701284247 746
2359.95624400088 750
2362.40403092 718
2364.85037359984 739
2367.29527204039 738
2369.73872624165 750
2372.18073620363 746
2374.62130192632 739
2377.06042340972 752
2379.49810065384 743
2381.93433365867 744
2384.36912242422 724
2386.80246695048 743
2389.23436723745 742
2391.66482328513 743
2394.09383509353 731
2396.52140266264 708
2398.94752599247 743
2401.37220508301 738
2403.79543993426 764
2406.21723054623 745
2408.63757691891 725
2411.0564790523 736
2413.47393694641 740
2415.88995060123 730
2418.30452001676 738
2420.71764519301 718
2423.12932612997 731
2425.53956282764 720
2427.94835528603 714
2430.35570350513 733
2432.76160748494 734
2435.16606722547 722
2437.56908272671 716
2439.97065398867 732
2442.37078101134 725
2444.76946379472 733
2447.16670233882 730
2449.56249664363 730
2451.95684670915 740
2454.34975253538 751
2456.74121412233 735
2459.13123147 754
2461.51980457837 743
2463.90693344746 761
2466.29261807727 750
2468.67685846778 750
2471.05965461902 756
2473.44100653096 750
2475.82091420362 755
2478.19937763699 760
2480.57639683107 758
2482.95197178587 752
2485.32610250138 747
2487.69878897761 750
2490.07003121455 755
2492.4398292122 773
2494.80818297057 749
2497.17509248965 747
2499.54055776944 744
2501.90457880995 746
2504.26715561117 742
2506.6282881731 745
2508.98797649574 742
2511.34622057911 745
2513.70302042318 755
2516.05837602797 728
2518.41228739347 722
2520.76475451968 728
2523.11577740661 740
2525.46535605425 736
2527.81349046261 727
2530.16018063168 733
2532.50542656146 730
2534.84922825195 741
2537.19158570316 716
2539.53249891508 721
2541.87196788772 717
2544.20999262107 726
2546.54657311513 726
2548.88170936991 718
2551.2154013854 726
2553.5476491616 719
2555.87845269852 713
2558.20781199615 722
2560.5357270545 721
2562.86219787355 724
2565.18722445332 728
2567.51080679381 742
2569.83294489501 725
2572.15363875692 729
2574.47288837954 727
2576.79069376288 724
2579.10705490693 707
2581.4219718117 712
2583.73544447718 724
2586.04747290337 718
2588.35805709028 723
2590.6671970379 707
2592.97489274623 713
2595.28114421528 719
2597.58595144504 717
2599.88931443551 715
2602.1912331867 716
2604.4917076986 717
2606.79073797121 712
2609.08832400454 734
2611.38446579858 709
2613.67916335334 730
2615.97241666881 728
2618.26422574499 707
2620.55459058188 718
2622.84351117949 733
2625.13098753781 692
2627.41701965685 703
2629.7016075366 716
2631.98475117706 704
2634.26645057824 709
2636.54670574013 704
2638.82551666273 706
2641.10288334605 715
2643.37880579008 705
2645.65328399482 704
2647.92631796028 709
2650.19790768645 705
2652.46805317334 711
2654.73675442093 720
2657.00401142925 711
2659.26982419827 714
2661.53419272801 713
2663.79711701846 714
2666.05859706963 697
2668.31863288151 703
2670.5772244541 693
2672.8343717874 685
2675.09007488142 708
2677.34433373616 714
2679.5971483516 681
2681.84851872776 700
2684.09844486464 702
2686.34692676222 708
2688.59396442052 708
2690.83955783954 683
2693.08370701927 692
2695.32641195971 705
2697.56767266086 700
2699.80748912273 698
2702.04586134531 707
2704.28278932861 707
2706.51827307262 691
2708.75231257734 685
2710.98490784277 713
2713.21605886892 702
2715.44576565578 704
2717.67402820336 709
2719.90084651165 703
2722.12622058065 696
2724.35015041037 724
2726.5726360008 702
2728.79367735194 693
2731.0132744638 704
2733.23142733637 706
2735.44813596966 718
2737.66340036365 699
2739.87722051837 692
2742.08959643379 692
2744.30052810993 690
2746.51001554678 683
2748.71805874435 702
2750.92465770262 690
2753.12981242162 690
2755.33352290132 690
2757.53578914174 683
2759.73661114287 675
2761.93598890472 684
2764.13392242728 692
2766.33041171055 693
2768.52545675454 677
2770.71905755924 681
2772.91121412466 687
2775.10192645078 677
2777.29119453762 691
2779.47901838518 680
2781.66539799345 692
2783.85033336243 687
2786.03382449212 694
2788.21587138253 687
2790.39647403365 695
2792.57563244549 689
2794.75334661804 679
2796.9296165513 685
2799.10444224528 694
2801.27782369997 685
2803.44976091537 679
2805.62025389148 686
2807.78930262831 685
2809.95690712586 679
2812.12306738412 687
2814.28778340309 689
2816.45105518277 676
2818.61288272317 676
2820.77326602428 671
2822.9322050861 678
2825.08969990864 678
2827.24575049189 676
2829.40035683586 703
2831.55351894054 681
2833.70523680593 684
2835.85551043203 702
2838.00433981885 680
2840.15172496639 673
2842.29766587463 700
2844.44216254359 682
2846.58521497327 700
2848.72682316365 701
2850.86698711475 692
2853.00570682657 702
2855.14298229909 698
2857.27881353233 699
2859.41320052629 709
2861.54614328096 698
2863.67764179634 688
2865.80769607243 692
2867.93630610924 701
2870.06347190676 688
2872.189193465 687
2874.31347078395 697
2876.43630386361 704
2878.55769270398 693
2880.67763730507 694
2882.79613766688 690
2884.91319378939 711
2887.02880567262 708
2889.14297331657 707
2891.25569672122 716
2893.36697588659 712
2895.47681081268 707
2897.58520149947 730
2899.69214794698 704
2901.79765015521 724
2903.90170812415 732
2906.0043218538 736
2908.10549134416 731
2910.20521659524 743
2912.30349760703 763
2914.40033437954 736
2916.49572691276 767
2918.58967520669 768
2920.68217926134 812
2922.7732390767 832
2924.86285465277 867
2926.95102598956 887
2929.03775308706 936
2931.12303594527 1010
2933.2068745642 961
2935.28926894384 999
2937.37021908419 986
2939.44972498526 960
2941.52778664704 904
2943.60440406953 893
2945.67957725274 844
2947.75330619666 825
2949.8255909013 777
2951.89643136665 775
2953.96582759271 776
2956.03377957949 749
2958.10028732697 726
2960.16535083518 725
2962.22897010409 723
2964.29114513372 731
2966.35187592407 727
2968.41116247512 720
2970.46900478689 715
2972.52540285938 704
2974.58035669257 718
2976.63386628648 708
2978.68593164111 715
2980.73655275645 709
2982.7857296325 731
2984.83346226926 719
2986.87975066674 709
2988.92459482493 716
2990.96799474384 722
2993.00995042346 712
2995.05046186379 722
2997.08952906483 716
2999.12715202659 709
3001.16333074907 708
3003.19806523225 721
3005.23135547615 710
3007.26320148077 722
3009.29360324609 723
3011.32256077213 721
3013.35007405889 719
3015.37614310635 714
3017.40076791454 714
3019.42394848343 712
3021.44568481304 723
3023.46597690336 717
3025.48482475439 691
3027.50222836614 720
3029.5181877386 723
3031.53270287178 716
3033.54577376567 743
3035.55740042027 733
3037.56758283559 740
3039.57632101162 752
3041.58361494836 762
3043.58946464582 768
3045.59387010399 811
3047.59683132287 781
3049.59834830247 819
3051.59842104278 838
3053.5970495438 822
3055.59423380554 867
3057.58997382799 856
3059.58426961115 867
3061.57712115503 904
3063.56852845962 875
3065.55849152493 866
3067.54701035095 857
3069.53408493768 868
3071.51971528512 835
3073.50390139328 822
3075.48664326216 772
3077.46794089174 791
3079.44779428204 763
3081.42620343306 760
3083.40316834478 733
3085.37868901722 717
3087.35276545038 733
3089.32539764424 730
3091.29658559882 730
3093.26632931412 731
3095.23462879013 743
3097.20148402685 729
3099.16689502428 743
3101.13086178243 740
3103.09338430129 749
3105.05446258087 712
3107.01409662116 703
3108.97228642216 701
3110.92903198387 698
3112.8843333063 679
3114.83819038945 678
3116.7906032333 682
3118.74157183787 673
3120.69109620315 658
3122.63917632915 677
3124.58581221586 664
3126.53100386329 669
3128.47475127142 682
3130.41705444027 668
3132.35791336984 670
3134.29732806012 660
3136.23529851111 668
3138.17182472281 659
3140.10690669523 664
3142.04054442836 653
3143.97273792221 663
3145.90348717677 672
3147.83279219204 668
3149.76065296803 667
3151.68706950472 670
3153.61204180214 670
3155.53556986026 665
3157.4576536791 679
3159.37829325866 663
3161.29748859892 676
3163.21523969991 659
3165.1315465616 664
3167.04640918401 660
3168.95982756713 663
3170.87180171096 658
3172.78233161551 659
3174.69141728077 651
3176.59905870675 650
3178.50525589344 662
3180.41000884084 658
3182.31331754895 658
3184.21518201778 652
3186.11560224732 655
3188.01457823758 645
3189.91210998855 652
3191.80819750023 653
3193.70284077263 639
3195.59603980574 652
3197.48779459956 644
3199.3781051541 633
3201.26697146935 655
3203.15439354532 652
3205.04037138199 647
3206.92490497938 645
3208.80799433749 647
3210.68963945631 638
3212.56984033584 659
3214.44859697608 646
3216.32590937704 643
3218.20177753871 644
3220.0762014611 638
3221.9491811442 629
3223.82071658801 655
3225.69080779254 643
3227.55945475778 647
3229.42665748373 650
3231.2924159704 644
3233.15673021778 641
3235.01960022587 645
3236.88102599468 641
3238.7410075242 646
3240.59954481444 641
3242.45663786538 637
3244.31228667705 633
3246.16649124942 642
3248.01925158251 651
3249.87056767631 639
3251.72043953083 643
3253.56886714605 638
3255.415850522 642
3257.26138965865 653
3259.10548455602 632
3260.94813521411 637
3262.7893416329 646
3264.62910381241 635
3266.46742175263 626
3268.30429545357 644
3270.13972491522 636
3271.97371013759 626
3273.80625112066 636
3275.63734786445 641
3277.46700036896 637
3279.29520863418 635
3281.12197266011 634
3282.94729244675 637
3284.77116799411 631
3286.59359930218 633
3288.41458637097 630
3290.23412920047 645
3292.05222779068 640
3293.86888214161 636
3295.68409225325 643
3297.4978581256 651
3299.31017975867 645
3301.12105715245 646
3302.93049030694 640
3304.73847922215 634
3306.54502389807 644
3308.3501243347 647
3310.15378053205 648
3311.95599249011 644
3313.75676020889 636
3315.55608368837 630
3317.35396292858 641
3319.15039792949 634
3320.94538869112 638
3322.73893521346 641
3324.53103749652 636
3326.32169554029 645
3328.11090934477 638
3329.89867890997 622
3331.68500423588 622
3333.4698853225 639
3335.25332216984 632
3337.03531477789 629
3338.81586314665 630
3340.59496727613 628
3342.37262716632 633
3344.14884281722 637
3345.92361422884 630
3347.69694140117 627
3349.46882433422 632
3351.23926302798 621
3353.00825748245 634
3354.77580769763 634
3356.54191367353 620
3358.30657541014 625
3360.06979290747 629
3361.83156616551 626
3363.59189518426 622
3365.35077996373 628
3367.10822050391 628
3368.8642168048 628
3370.61876886641 628
3372.37187668873 622
3374.12354027176 627
3375.87375961551 627
3377.62253471997 616
3379.36986558515 624
3381.11575221103 631
3382.86019459764 629
3384.60319274495 631
3386.34474665298 628
3388.08485632172 622
3389.82352175118 633
3391.56074294134 627
3393.29651989223 628
3395.03085260382 613
3396.76374107613 629
3398.49518530916 627
3400.22518530289 625
3401.95374105734 636
3403.68085257251 625
3405.40651984838 626
3407.13074288498 632
3408.85352168228 619
3410.5748562403 626
3412.29474655903 639
3414.01319263847 623
3415.73019447863 630
3417.4457520795 626
3419.15986544109 618
3420.87253456339 625
3422.5837594464 626
3424.29354009012 626
3426.00187649456 630
3427.70876865972 633
3429.41421658558 619
3431.11822027216 618
3432.82077971945 633
3434.52189492746 625
3436.22156589618 627
3437.91979262562 631
3439.61657511576 627
3441.31191336662 626
3443.0058073782 631
3444.69825715049 620
3446.38926268349 625
3448.0788239772 622
3449.76694103163 616
3451.45361384677 625
3453.13884242263 629
3454.8226267592 628
3456.50496685648 628
3458.18586271447 636
3459.86531433318 621
3461.54332171261 632
3463.21988485274 631
3464.89500375359 618
3466.56867841516 626
3468.24090883743 622
3469.91169502042 616
3471.58103696413 635
3473.24893466855 621
3474.91538813368 619
3476.58039735952 624
3478.24396234608 626
3479.90608309335 625
3481.56675960134 616
3483.22599187003 634
3484.88377989945 619
3486.54012368957 626
3488.19502324041 628
3489.84847855196 619
3491.50048962423 625
3493.15105645721 631
3494.8001790509 624
3496.44785740531 621
3498.09409152043 626
3499.73888139626 624
3501.38222703281 626
3503.02412843007 625
3504.66458558804 620
3506.30359850673 626
3507.94116718613 636
3509.57729162625 616
3511.21197182707 630
3512.84520778862 630
3514.47699951087 617
3516.10734699384 620
3517.73625023752 629
3519.36370924192 625
3520.98972400703 635
3522.61429453285 619
3524.23742081939 611
3525.85910286664 622
3527.4793406746 624
3529.09813424328 626
3530.71548357267 627
3532.33138866277 623
3533.94584951359 619
3535.55886612512 631
3537.17043849736 630
3538.78056663032 622
3540.38925052399 635
3541.99649017838 623
3543.60228559347 618
3545.20663676929 618
3546.80954370581 626
3548.41100640305 626
3550.011024861 625
3551.60959907967 621
3553.20672905905 628
3554.80241479914 625
3556.39665629995 618
3557.98945356147 618
3559.5808065837 619
3561.17071536665 623
3562.75917991031 630
3564.34620021468 628
3565.93177627977 630
3567.51590810557 623
3569.09859569208 629
3570.67983903931 631
3572.25963814725 627
3573.83799301591 631
3575.41490364528 621
3576.99037003536 620
3578.56439218615 631
3580.13697009766 618
3581.70810376989 620
3583.27779320282 620
3584.84603839647 628
3586.41283935084 625
3587.97819606591 623
3589.5421085417 624
3591.1045767782 619
3592.66560077542 626
3594.22518053335 628
3595.783316052 625
3597.34000733135 630
3598.89525437143 630
3600.44905717221 622
3602.00141573371 623
3603.55233005592 621
3605.10180013884 627
3606.64982598248 631
3608.19640758684 629
3609.7415449519 618
3611.28523807768 629
